$ANSIBLE_VAULT;1.1;AES256
64333235363634303063643235353862393864636237643839356236363539303066626330353565
3866653832373330303137666631326639373366333531640a373731656561306236386235363231
63646338306139363133323638306433303234363130313134626532323334613764356533323930
3433373766356133370a326465643932663562346338316164366433306665356234623735666535
31643261303266306164643936343164643034316330656534363563306162613039623332356632
38393534303338643335383033636330346135333765626137623061366438396138653461356164
61313964376439376334623831666666663262333661303963356135313837326536646239633464
64373533643061636164633662316537633938643834626564376233663931346632373564666263
62366437376263313439623963663561633564383466363866653333383662373337613037666431
61336133326337663238636266616637326231393834633161626636613063316130393032653734
30636134353964346165303937636239363761383833623931323233383438623464633165353434
62643632376163376136303565656236353363333033626362393338333939643432326230623234
32613037643630323938333763396235626432303836363861323365353034346636643964663037
6165343836653738653337303738343130386366393164366663
