$ANSIBLE_VAULT;1.1;AES256
36316134626665356266333230343061333932373330353736373436663666396632303430623730
3230636664646236303062393637666665303161663537640a383766393733366166653134353630
63346538636230363834643461363430333764633566376364656638616232363737363666646531
6638643437643564650a326266663430653663393861633934626564666133663235373961356132
39653462323737626262383432616263633435313537383538333434353230306462393438613165
66613362323263396631336237353930666264303262616566326238643062323235373537303366
62343361333965643834356231303262336431636235366162336534623432363137626265623364
38613932313638363864356165633632623264383031613865306563303863653663313930393139
66396639373531653165313932313434626136313564656532356261373865356561333739306666
35666435356539363731333739343037316335663335336162333733633431386463313332303164
34336135303730393830366235376264616263653065353232366361383631633466323738623739
30343263316537633764343532643230396466336164633261623735343266653632336537363366
33303239383866333261663062373961346435393563646336636265393735336533353230616538
3637343138306138373436346233333634633631386431383335
